.5
2
5
10
2
0 0.383 0.886 0.777 0.915 0.793 0.335 0.386 0.492 0.649 0.421 0.362 0.027 0.69 0.059 0.763 0.926 0.54 0.426 0.172 0.736 0.211 0.368 0.567 0.429 0.782 0.53 0.862 0.123 0.067 0.135 0.929 0.802 0.022 0.058 0.069 0.167 0.393 0.456 0.011 0.042 0.229 0.373 0.421 0.919 0.784 0.537 0.198 0.324 0.315 0.37 0.413 0.526 0.091 0.98 0.956 0.873 0.862 0.17 0.996 0.281 0.305 0.925 0.084 0.327 0.336 0.505 0.846 0.729 0.313 0.857 0.124 0.895 0.582 0.545 0.814 0.367 0.434 0.364 0.043 0.75 0.087 0.808 0.276 0.178 0.788 0.584 0.403 0.651 0.754 0.399 0.932 0.06 0.676 0.368 0.739 0.012 0.226 0.586 0.094
0.383 0 0.539 0.795 0.57 0.434 0.378 0.467 0.601 0.097 0.902 0.317 0.492 0.652 0.756 0.301 0.28 0.286 0.441 0.865 0.689 0.444 0.619 0.44 0.729 0.031 0.117 0.097 0.771 0.481 0.675 0.709 0.927 0.567 0.856 0.497 0.353 0.586 0.965 0.306 0.683 0.219 0.624 0.528 0.871 0.732 0.829 0.503 0.019 0.27 0.368 0.708 0.715 0.34 0.149 0.796 0.723 0.618 0.245 0.846 0.451 0.921 0.555 0.379 0.488 0.764 0.228 0.841 0.35 0.193 0.5 0.034 0.764 0.124 0.914 0.987 0.856 0.743 0.491 0.227 0.365 0.859 0.936 0.432 0.551 0.437 0.228 0.275 0.407 0.474 0.121 0.858 0.395 0.029 0.237 0.235 0.793 0.818 0.428 0.143
0.886 0.539 0 0.011 0.928 0.529 0.776 0.404 0.443 0.763 0.613 0.538 0.606 0.84 0.904 0.818 0.128 0.688 0.369 0.917 0.917 0.996 0.324 0.743 0.47 0.183 0.49 0.499 0.772 0.725 0.644 0.59 0.505 0.139 0.954 0.786 0.669 0.082 0.542 0.464 0.197 0.507 0.355 0.804 0.348 0.611 0.622 0.828 0.299 0.343 0.746 0.568 0.34 0.422 0.311 0.81 0.605 0.801 0.661 0.73 0.878 0.305 0.32 0.736 0.444 0.626 0.522 0.465 0.708 0.416 0.282 0.258 0.924 0.637 0.062 0.624 0.6 0.036 0.452 0.899 0.379 0.55 0.468 0.071 0.973 0.131 0.881 0.93 0.933 0.894 0.66 0.163 0.199 0.981 0.899 0.996 0.959 0.773 0.813 0.668
0.777 0.795 0.011 0 0.19 0.095 0.926 0.466 0.084 0.34 0.09 0.684 0.376 0.542 0.936 0.107 0.445 0.756 0.179 0.418 0.887 0.412 0.348 0.172 0.659 0.009 0.336 0.21 0.342 0.587 0.206 0.301 0.713 0.372 0.321 0.255 0.819 0.599 0.721 0.904 0.939 0.811 0.94 0.667 0.705 0.228 0.127 0.15 0.984 0.658 0.92 0.224 0.422 0.269 0.396 0.081 0.63 0.084 0.292 0.972 0.672 0.85 0.625 0.385 0.222 0.299 0.64 0.042 0.898 0.713 0.298 0.19 0.524 0.59 0.209 0.581 0.819 0.336 0.732 0.155 0.994 0.004 0.379 0.769 0.273 0.776 0.85 0.255 0.86 0.142 0.579 0.884 0.993 0.205 0.621 0.567 0.504 0.613 0.961 0.754
0.915 0.57 0.928 0.19 0 0.326 0.259 0.944 0.202 0.202 0.506 0.784 0.021 0.842 0.868 0.528 0.189 0.872 0.908 0.958 0.498 0.036 0.808 0.753 0.248 0.303 0.333 0.133 0.648 0.89 0.754 0.567 0.746 0.368 0.529 0.5 0.046 0.788 0.797 0.249 0.99 0.303 0.033 0.363 0.497 0.253 0.892 0.686 0.125 0.152 0.996 0.975 0.188 0.157 0.729 0.436 0.46 0.414 0.921 0.46 0.304 0.028 0.027 0.05 0.748 0.556 0.902 0.794 0.697 0.699 0.043 0.039 0.002 0.428 0.403 0.5 0.681 0.647 0.538 0.159 0.151 0.535 0.134 0.339 0.692 0.215 0.127 0.504 0.629 0.049 0.964 0.285 0.429 0.343 0.335 0.177 0.9 0.238 0.971 0.949
0.793 0.434 0.529 0.095 0.326 0 0.289 0.367 0.988 0.292 0.795 0.743 0.144 0.829 0.39 0.682 0.34 0.541 0.569 0.826 0.232 0.261 0.042 0.36 0.117 0.023 0.761 0.081 0.309 0.19 0.425 0.996 0.367 0.677 0.234 0.69 0.626 0.524 0.057 0.614 0.168 0.205 0.358 0.312 0.386 0.1 0.346 0.726 0.994 0.916 0.552 0.578 0.529 0.946 0.29 0.647 0.97 0.051 0.08 0.631 0.593 0.857 0.627 0.312 0.886 0.214 0.355 0.512 0.09 0.412 0.479 0.61 0.969 0.189 0.274 0.355 0.641 0.62 0.433 0.987 0.888 0.338 0.566 0.77 0.284 0.856 0.417 0.606 0.26 0.849 0.237 0.205 0.059 0.217 0.518 0.945 0.783 0.873 0.458 0.873
0.335 0.378 0.776 0.926 0.259 0.289 0 0.637 0.289 0.483 0.607 0.478 0.757 0.314 0.471 0.729 0.1 0.459 0.618 0.438 0.025 0.388 0.074 0.233 0.157 0.681 0.493 0.358 0.27 0.699 0.417 0.839 0.569 0.363 0.622 0.794 0.173 0.847 0.431 0.462 0.682 0.39 0.292 0.791 0.057 0.115 0.521 0.157 0.574 0.491 0.947 0.951 0.231 0.021 0.537 0.74 0.054 0.03 0.098 0.325 0.081 0.516 0.516 0.002 0.231 0.139 0.796 0.404 0.338 0.58 0.218 0.021 0.97 0.862 0.812 0.379 0.977 0.685 0.536 0.904 0.176 0.483 0.207 0.759 0.857 0.744 0.499 0.911 0.127 0.95 0.236 0.56 0.818 0.105 0.563 0.049 0.244 0.711 0.805 0.934
0.386 0.467 0.404 0.466 0.944 0.367 0.637 0 0.291 0.375 0.955 0.614 0.589 0.768 0.993 0.918 0.805 0.882 0.822 0.982 0.717 0.03 0.093 0.574 0.126 0.593 0.486 0.253 0.543 0.074 0.814 0.713 0.179 0.377 0.762 0.775 0.088 0.919 0.71 0.732 0.294 0.017 0.346 0.235 0.137 0.691 0.153 0.943 0.573 0.328 0.925 0.291 0.71 0.018 0.217 0.836 0.963 0.055 0.09 0.858 0.13 0.904 0.571 0.661 0.633 0.685 0.789 0.073 0.604 0.851 0.805 0.25 0.868 0.503 0.485 0.006 0.195 0.639 0.949 0.12 0.967 0.226 0.763 0.677 0.596 0.981 0.865 0.56 0.036 0.955 0.77 0.518 0.211 0.342 0.532 0.196 0.379 0.321 0.27 0.984
0.492 0.601 0.443 0.084 0.202 0.988 0.289 0.291 0 0.172 0.427 0.234 0.04 0.283 0.072 0.398 0.83 0.063 0.347 0.95 0.03 0.573 0.714 0.059 0.522 0.047 0.924 0.082 0.435 0.232 0.204 0.954 0.443 0.898 0.486 0.64 0.278 0.159 0.262 0.262 0.683 0.041 0.848 0.723 0.324 0.272 0.122 0.154 0.335 0.821 0.457 0.365 0.747 0.171 0.776 0.269 0.218 0.701 0.703 0.653 0.933 0.907 0.959 0.728 0.806 0.797 0.72 0.084 0.308 0.334 0.698 0.991 0.376 0.898 0.715 0.052 0.171 0.189 0.559 0.506 0.01 0.016 0.224 0.109 0.539 0 0.378 0.109 0.053 0.081 0.114 0.338 0.989 0.426 0.067 0.147 0.223 0.787 0.231 0.532
0.649 0.097 0.763 0.34 0.202 0.292 0.483 0.375 0.172 0 0.122 0.281 0.875 0.85 0.179 0.59 0.254 0.35 0.131 0.813 0.857 0.494 0.181 0.081 0.603 0.72 0.433 0.982 0.181 0.487 0.415 0.296 0.825 0.404 0.722 0.892 0.551 0.297 0.032 0.134 0.181 0.506 0.415 0.057 0.708 0.595 0.999 0.962 0.297 0.483 0.776 0.154 0.977 0.309 0.587 0.932 0.382 0.021 0.266 0.563 0.86 0.682 0.211 0.685 0.086 0.285 0.93 0.99 0.583 0.314 0.476 0.116 0.82 0.892 0.525 0.528 0.839 0.525 0.49 0.136 0.36 0.618 0.643 0.337 0.928 0.582 0.621 0.31 0.955 0.888 0.225 0.815 0.57 0.437 0.853 0.008 0.722 0.783 0.35 0.657
0.421 0.902 0.613 0.09 0.506 0.795 0.607 0.955 0.427 0.122 0 0.097 0.827 0.126 0.269 0.071 0.651 0.149 0.91 0.528 0.639 0.398 0.888 0.61 0.393 0.577 0.89 0.976 0.199 0.552 0.931 0.087 0.777 0.099 0.657 0.566 0.952 0.017 0.641 0.735 0.368 0.298 0.184 0.195 0.776 0.805 0.266 0.428 0.954 0.528 0.308 0.593 0.278 0.197 0.555 0.672 0.774 0.445 0 0.325 0.997 0.283 0.412 0.127 0.382 0.421 0.693 0.334 0.439 0.334 0.421 0.159 0.985 0.957 0.354 0.761 0.762 0.972 0.541 0.716 0.852 0.85 0.662 0.482 0.399 0.217 0.154 0.173 0.015 0.506 0.851 0.364 0.79 0.263 0.491 0.172 0.037 0.537 0.859 0.828
0.362 0.317 0.538 0.684 0.784 0.743 0.478 0.614 0.234 0.281 0.097 0 0.871 0.28 0.987 0.856 0.59 0.341 0.97 0.352 0.665 0.511 0.069 0.517 0.361 0.083 0.351 0.112 0.3 0.506 0.638 0.667 0.364 0.489 0.032 0.154 0.104 0.875 0.679 0.141 0.412 0.538 0.969 0.636 0.17 0.956 0.844 0.76 0.649 0.814 0.465 0.314 0.326 0.886 0.183 0.039 0.969 0.535 0.152 0.621 0.393 0.79 0.289 0.109 0.631 0.673 0.264 0.735 0.548 0.295 0.877 0.313 0.833 0.198 0.949 0.355 0.155 0.793 0.468 0.156 0.96 0.933 0.823 0.286 0.171 0.358 0.677 0.14 0.245 0.181 0.761 0.99 0.323 0.05 0.1 0.954 0.075 0.364 0.042 0.624
0.027 0.492 0.606 0.376 0.021 0.144 0.757 0.589 0.04 0.875 0.827 0.871 0 0.659 0.919 0.289 0.844 0.469 0.238 0.551 0.976 0.383 0.019 0.133 0.343 0.304 0.956 0.981 0.475 0.666 0.011 0.967 0.912 0.192 0.729 0.902 0.868 0.131 0.002 0.174 0.207 0.718 0.216 0.183 0.377 0.487 0.472 0.573 0.957 0.062 0.125 0.933 0.797 0.496 0.418 0.141 0.153 0.726 0.474 0.98 0.393 0.485 0.948 0.305 0.03 0.029 0.559 0.898 0.16 0.562 0.424 0.719 0.28 0.641 0.902 0.01 0.48 0.726 0.583 0.789 0.14 0.708 0.723 0.938 0.557 0.493 0.431 0.71 0.22 0.905 0.69 0.613 0.391 0.638 0.27 0.421 0.667 0.829 0.671 0.18
0.69 0.652 0.84 0.542 0.842 0.829 0.314 0.768 0.283 0.85 0.126 0.28 0.659 0 0.743 0.095 0.899 0.024 0.088 0.154 0.386 0.569 0.232 0.969 0.71 0.373 0.03 0.433 0.663 0.587 0.279 0.094 0.649 0.499 0.351 0.339 0.464 0.742 0.33 0.086 0.515 0.349 0.915 0.186 0.881 0.011 0.634 0.133 0.387 0.722 0.287 0.773 0.643 0.519 0.742 0.354 0.244 0.124 0.139 0.259 0.063 0.418 0.353 0.712 0.269 0.705 0.404 0.733 0.799 0.734 0.819 0.315 0.435 0.087 0.853 0.669 0.45 0.487 0.802 0.837 0.562 0.089 0.61 0.205 0.96 0.704 0.911 0.557 0.829 0.403 0.816 0.892 0.821 0.522 0.605 0.443 0.579 0.361 0.528 0.378
0.059 0.756 0.904 0.936 0.868 0.39 0.471 0.993 0.072 0.179 0.269 0.987 0.919 0.743 0 0.447 0.7 0.045 0.882 0.787 0.899 0.551 0.589 0.386 0.353 0.426 0.948 0.794 0.036 0.506 0.107 0.092 0.417 0.664 0.921 0.82 0.48 0.166 0.994 0.354 0.123 0.437 0.933 0.484 0.317 0.312 0.931 0.017 0.709 0.165 0.156 0.608 0.069 0.745 0.995 0.422 0.171 0.295 0.569 0.559 0.801 0.676 0.652 0.571 0.34 0.925 0.743 0.172 0.091 0.089 0.527 0.566 0.878 0.812 0.05 0.196 0.124 0.333 0.213 0.186 0.499 0.37 0.794 0.568 0.115 0.141 0.342 0.639 0.437 0.263 0.198 0.59 0.939 0.202 0.513 0.631 0.128 0.257 0.804 0.571
0.763 0.301 0.818 0.107 0.528 0.682 0.729 0.918 0.398 0.59 0.071 0.856 0.289 0.095 0.447 0 0.346 0.683 0.138 0.225 0.495 0.54 0.421 0.972 0.226 0.634 0.158 0.725 0.356 0.952 0.645 0.472 0.446 0.339 0.111 0.883 0.603 0.661 0.825 0.542 0.216 0.339 0.174 0.344 0.596 0.33 0.267 0.294 0.013 0.757 0.519 0.86 0.65 0.292 0.832 0.876 0.279 0.99 0.953 0.635 0.295 0.598 0.107 0.741 0.937 0.57 0.976 0.54 0.584 0.801 0.083 0.8 0.492 0.609 0.496 0.44 0.939 0.763 0.735 0.304 0.873 0.606 0.164 0.523 0.251 0.349 0.751 0.53 0.339 0.704 0.165 0.986 0.302 0.625 0.079 0.591 0.547 0.407 0.484 0.131
0.926 0.28 0.128 0.445 0.189 0.34 0.1 0.805 0.83 0.254 0.651 0.59 0.844 0.899 0.7 0.346 0 0.561 0.919 0.931 0.053 0.528 0.427 0.494 0.819 0.543 0.581 0.123 0.768 0.187 0.639 0.643 0.438 0.988 0.394 0.32 0.68 0.098 0.486 0.018 0.752 0.463 0.098 0.695 0.01 0.505 0.179 0.142 0.066 0.098 0.425 0.472 0.978 0.853 0.966 0.797 0.748 0.547 0.272 0.516 0.086 0.912 0.159 0.877 0.9 0.553 0.197 0.932 0.003 0.035 0.951 0.107 0.498 0.049 0.154 0.861 0.906 0.334 0.003 0.325 0.784 0.428 0.797 0.763 0.633 0.115 0.56 0.381 0.014 0.185 0.897 0.1 0.097 0.408 0.329 0.349 0.313 0.879 0.634 0.316
0.54 0.286 0.688 0.756 0.872 0.541 0.459 0.882 0.063 0.35 0.149 0.341 0.469 0.024 0.045 0.683 0.561 0 0.914 0.585 0.775 0.765 0.986 0.93 0.626 0.892 0.616 0.629 0.569 0.752 0.409 0.366 0.515 0.395 0.833 0.428 0.776 0.847 0.613 0.026 0.3 0.062 0.786 0.629 0.763 0.1 0.508 0.397 0.416 0.775 0.982 0.544 0.54 0.32 0.826 0.518 0.565 0.794 0.499 0.134 0.546 0.908 0.853 0.062 0.303 0.686 0.842 0.432 0.534 0.807 0.81 0.834 0.869 0.596 0.815 0.984 0.696 0.324 0.382 0.465 0.451 0.716 0.361 0.343 0.037 0.187 0.861 0.602 0.981 0.36 0.088 0.879 0.62 0.941 0.293 0.924 0.628 0.135 0.708 0.162
0.426 0.441 0.369 0.179 0.908 0.569 0.618 0.822 0.347 0.131 0.91 0.97 0.238 0.088 0.882 0.138 0.919 0.914 0 0.942 0.87 0.996 0.163 0.466 0.811 0.5 0.515 0.487 0.234 0.332 0.29 0.95 0.693 0.633 0.339 0.88 0.494 0.293 0.213 0.854 0.382 0.444 0.475 0.323 0.738 0.751 0.951 0.873 0.811 0.465 0.168 0.681 0.813 0.683 0.499 0.977 0.535 0.014 0.464 0.769 0.346 0.107 0.072 0.391 0.74 0.411 0.623 0.587 0.057 0.836 0.793 0.439 0.281 0.62 0.114 0.371 0.371 0.418 0.596 0.534 0.883 0.764 0.567 0.697 0.8 0.067 0.674 0.335 0.433 0.49 0.457 0.132 0.949 0.529 0.523 0.69 0.292 0.147 0.629 0.349
0.172 0.865 0.917 0.418 0.958 0.826 0.438 0.982 0.95 0.813 0.528 0.352 0.551 0.154 0.787 0.225 0.931 0.585 0.942 0 0.335 0.422 0.14 0.968 0.043 0.255 0.339 0.766 0.025 0.936 0.653 0.26 0.052 0.22 0.957 0.204 0.287 0.983 0.54 0.721 0.826 0.997 0.205 0.127 0.878 0.728 0.169 0.17 0.227 0.798 0.52 0.563 0.221 0.66 0.883 0.616 0.267 0.223 0.382 0.292 0.511 0.035 0.553 0.563 0.608 0.862 0.768 0.895 0.198 0.66 0.968 0.376 0.009 0.173 0.503 0.887 0.254 0.673 0.057 0.481 0.823 0.929 0.396 0.044 0.942 0.28 0.012 0.209 0.855 0.747 0.854 0.366 0.134 0.759 0.281 0.742 0.973 0.401 0.638 0.171
0.736 0.689 0.917 0.887 0.498 0.232 0.025 0.717 0.03 0.857 0.639 0.665 0.976 0.386 0.899 0.495 0.053 0.775 0.87 0.335 0 0.413 0.958 0.899 0.422 0.484 0.755 0.661 0.09 0.78 0.071 0.923 0.603 0 0.32 0 0.942 0.952 0.012 0.504 0.807 0.759 0.358 0.525 0.894 0.117 0.158 0.636 0.09 0.56 0.626 0.614 0.973 0.937 0.865 0.748 0.421 0.62 0.409 0.863 0.4 0.832 0.786 0.004 0.833 0.458 0.356 0.127 0.41 0.368 0.631 0.569 0.128 0.341 0.446 0.374 0.458 0.605 0.01 0.901 0.165 0.989 0.867 0.49 0.926 0.732 0.238 0.699 0.705 0 0.562 0.457 0.832 0.348 0.461 0.017 0.807 0.169 0.497 0.569
0.211 0.444 0.996 0.412 0.036 0.261 0.388 0.03 0.573 0.494 0.398 0.511 0.383 0.569 0.551 0.54 0.528 0.765 0.996 0.422 0.413 0 0.538 0.128 0.139 0.018 0.47 0.585 0.392 0.28 0.542 0.754 0.533 0.707 0.743 0.4 0.55 0.021 0.485 0.788 0.72 0.19 0.14 0.634 0.647 0.325 0.983 0.461 0.694 0.142 0.63 0.191 0.063 0.52 0.32 0.554 0.538 0.142 0.492 0.93 0.422 0.034 0.685 0.308 0.094 0.78 0.708 0.644 0.802 0.545 0.784 0.522 0.087 0.925 0.157 0.735 0.602 0.492 0.548 0.296 0.986 0.53 0.84 0.049 0.051 0.512 0.956 0.589 0.654 0.448 0.872 0.428 0.482 0.557 0.088 0.576 0.337 0.797 0.22 0.139
0.368 0.619 0.324 0.348 0.808 0.042 0.074 0.093 0.714 0.181 0.888 0.069 0.019 0.232 0.589 0.421 0.427 0.986 0.163 0.14 0.958 0.538 0 0.694 0.005 0.014 0.782 0.282 0.523 0.869 0.236 0.015 0.417 0.884 0.353 0.299 0.724 0.754 0.35 0.236 0.71 0.292 0.242 0.158 0.164 0.023 0.641 0.721 0.111 0.569 0.41 0.26 0.79 0.902 0.955 0.147 0.916 0.089 0.781 0.439 0.958 0.017 0.806 0.375 0.901 0.511 0.674 0.978 0.265 0.377 0.566 0.976 0.669 0.161 0.134 0.833 0.536 0.127 0.906 0.999 0.697 0.316 0.26 0.839 0.57 0.567 0.986 0.486 0.008 0.767 0.277 0.966 0.136 0.435 0.693 0.037 0.946 0.719 0.367 0.212
0.567 0.44 0.743 0.172 0.753 0.36 0.233 0.574 0.059 0.081 0.61 0.517 0.133 0.969 0.386 0.972 0.494 0.93 0.466 0.968 0.899 0.128 0.694 0 0.096 0.934 0.54 0.117 0.095 0.674 0.95 0.631 0.802 0.208 0.63 0.851 0.525 0.242 0.69 0.447 0.161 0.676 0.934 0.169 0.795 0.563 0.135 0.931 0.351 0.18 0.32 0.297 0.9 0.688 0.861 0.996 0.974 0.401 0.114 0.069 0.428 0.416 0.052 0.582 0.625 0.682 0.433 0.502 0.277 0.123 0.949 0.79 0.151 0.235 0.96 0.946 0.799 0.447 0.229 0.502 0.628 0.549 0.799 0.528 0.589 0.013 0.876 0.563 0.766 0.99 0.984 0.194 0.759 0.036 0.776 0.384 0.071 0.209 0.238 0.7
0.429 0.729 0.47 0.659 0.248 0.117 0.157 0.126 0.522 0.603 0.393 0.361 0.343 0.71 0.353 0.226 0.819 0.626 0.811 0.043 0.422 0.139 0.005 0.096 0 0.684 0.539 0.49 0.835 0.775 0.45 0.781 0.926 0.25 0.362 0.428 0.878 0.264 0.579 0.758 0.853 0.944 0.634 0.769 0.711 0.977 0.105 0.257 0.736 0.142 0.034 0.472 0.565 0.595 0.71 0.265 0.632 0.249 0.107 0.467 0.376 0.558 0.601 0.302 0.16 0.963 0.082 0.038 0.227 0.014 0.796 0.433 0.958 0.43 0.554 0.669 0.407 0.659 0.927 0.495 0.801 0.313 0.967 0.718 0.26 0.029 0.335 0.892 0.631 0.443 0.712 0.007 0.353 0.313 0.662 0.513 0.628 0.096 0.551 0.856
0.782 0.031 0.183 0.009 0.303 0.023 0.681 0.593 0.047 0.72 0.577 0.083 0.304 0.373 0.426 0.634 0.543 0.892 0.5 0.255 0.484 0.018 0.014 0.934 0.684 0 0.11 0.699 0.641 0.069 0.481 0.195 0.09 0.889 0.854 0.369 0.736 0.008 0.682 0.704 0.726 0.295 0.733 0.414 0.187 0.364 0.857 0.251 0.724 0.21 0.564 0.738 0.723 0.193 0.834 0.626 0.401 0.945 0.325 0.394 0.366 0.806 0.589 0.456 0.047 0.795 0.826 0.784 0.803 0.86 0.84 0.882 0.155 0.573 0.648 0.695 0.29 0.505 0.946 0.366 0.067 0.863 0.104 0.79 0.408 0.29 0.768 0.161 0.235 0.093 0.555 0.601 0.251 0.144 0.41 0.651 0.291 0.588 0.435 0.447
0.53 0.117 0.49 0.336 0.333 0.761 0.493 0.486 0.924 0.433 0.89 0.351 0.956 0.03 0.948 0.158 0.581 0.616 0.515 0.339 0.755 0.47 0.782 0.54 0.539 0.11 0 0.448 0.275 0.681 0.956 0.2 0.329 0.651 0.842 0.834 0.949 0.56 0.901 0.164 0.664 0.043 0.572 0.955 0.811 0.733 0.542 0.256 0.64 0.496 0.859 0.136 0.258 0.51 0.428 0.846 0.297 0.875 0.294 0.924 0.556 0.25 0.125 0.885 0.253 0.319 0.071 0.555 0.88 0.324 0.719 0.896 0.367 0.644 0.203 0.53 0.729 0.746 0.786 0.37 0.594 0.645 0.858 0.852 0.508 0.286 0.698 0.805 0.513 0.344 0.73 0.421 0.947 0.207 0.658 0.2 0.878 0.729 0.107 0.758
0.862 0.097 0.499 0.21 0.133 0.081 0.358 0.253 0.082 0.982 0.976 0.112 0.981 0.433 0.794 0.725 0.123 0.629 0.487 0.766 0.661 0.585 0.282 0.117 0.49 0.699 0.448 0 0.053 0.179 0.007 0.772 0.175 0.21 0.302 0.904 0.308 0.44 0.626 0.902 0.086 0.485 0.106 0.946 0.123 0.804 0.751 0.637 0.501 0.833 0.41 0.448 0.392 0.069 0 0.271 0.15 0.108 0.381 0.556 0.287 0.388 0.328 0.462 0.951 0.983 0.718 0.259 0.423 0.345 0.514 0.861 0.182 0.972 0.807 0.657 0.129 0.911 0.294 0.63 0.744 0.057 0.078 0.137 0.126 0.078 0.76 0.628 0.186 0.141 0.184 0.825 0.882 0.865 0.639 0.833 0.848 0.358 0.444 0.623
0.123 0.771 0.772 0.342 0.648 0.309 0.27 0.543 0.435 0.181 0.199 0.3 0.475 0.663 0.036 0.356 0.768 0.569 0.234 0.025 0.09 0.392 0.523 0.095 0.835 0.641 0.275 0.053 0 0.055 0.31 0.485 0.589 0.283 0.644 0.246 0.412 0.555 0.893 0.042 0.3 0.95 0.12 0.789 0.428 0.55 0.549 0.056 0.737 0.042 0.241 0.914 0.924 0.458 0.554 0.109 0.658 0.264 0.554 0.281 0.319 0.216 0.118 0.26 0.499 0.763 0.506 0.263 0.318 0.399 0.305 0.97 0.701 0.777 0.111 0.129 0.328 0.012 0.186 0.417 0.055 0.779 0.683 0.979 0.589 0.237 0.089 0.247 0.853 0.995 0.88 0.524 0.211 0.999 0.784 0.711 0.114 0.643 0.326 0.784
0.067 0.481 0.725 0.587 0.89 0.19 0.699 0.074 0.232 0.487 0.552 0.506 0.666 0.587 0.506 0.952 0.187 0.752 0.332 0.936 0.78 0.28 0.869 0.674 0.775 0.069 0.681 0.179 0.055 0 0.042 0.632 0.107 0.096 0.761 0.218 0.225 0.441 0.231 0.763 0.21 0.286 0.894 0.894 0.617 0.835 0.483 0.058 0.082 0.337 0.053 0.315 0.213 0.617 0.314 0.998 0.68 0.78 0.641 0.006 0.564 0.035 0.638 0.023 0.131 0.752 0.242 0.709 0.545 0.825 0.824 0.756 0.463 0.071 0.002 0.08 0.906 0.485 0.491 0.989 0.174 0.544 0.656 0.388 0.161 0.97 0.738 0.841 0.102 0.379 0.848 0.018 0.766 0.838 0.042 0.25 0.942 0.284 0.959 0.488
0.135 0.675 0.644 0.206 0.754 0.425 0.417 0.814 0.204 0.415 0.931 0.638 0.011 0.279 0.107 0.645 0.639 0.409 0.29 0.653 0.071 0.542 0.236 0.95 0.45 0.481 0.956 0.007 0.31 0.042 0 0.461 0.135 0.596 0.924 0.206 0.598 0.356 0.113 0.435 0.847 0.454 0.962 0.744 0.11 0.702 0.257 0.432 0.44 0.451 0.886 0.171 0.299 0.904 0.289 0.489 0.946 0.539 0.784 0.582 0.85 0.272 0.043 0.986 0.868 0.319 0.192 0.818 0.676 0.657 0.253 0.875 0.463 0.215 0.619 0.925 0.269 0.877 0.709 0.709 0.68 0.595 0.232 0.331 0.5 0.522 0.82 0.446 0.413 0.956 0.029 0.264 0.228 0.424 0.25 0.448 0.744 0.794 0.618 0.772
0.929 0.709 0.59 0.301 0.567 0.996 0.839 0.713 0.954 0.296 0.087 0.667 0.967 0.094 0.092 0.472 0.643 0.366 0.95 0.26 0.923 0.754 0.015 0.631 0.781 0.195 0.2 0.772 0.485 0.632 0.461 0 0.804 0.872 0.647 0.267 0.439 0.619 0.193 0.709 0.848 0.254 0.77 0.528 0.85 0.355 0.859 0.35 0.229 0.031 0.148 0.642 0.988 0.177 0.906 0.568 0.954 0.508 0.369 0.698 0.303 0.987 0.47 0.107 0.211 0.469 0.726 0.003 0.44 0.271 0.064 0.288 0.526 0.186 0.816 0.376 0.541 0.027 0.078 0.122 0.059 0.226 0.765 0.399 0.404 0.023 0.967 0.358 0.532 0.688 0.408 0.187 0.676 0.23 0.294 0.239 0.051 0.372 0.242 0.492
0.802 0.927 0.505 0.713 0.746 0.367 0.569 0.179 0.443 0.825 0.777 0.364 0.912 0.649 0.417 0.446 0.438 0.515 0.693 0.052 0.603 0.533 0.417 0.802 0.926 0.09 0.329 0.175 0.589 0.107 0.135 0.804 0 0.644 0.306 0.78 0.522 0.493 0.949 0.898 0.386 0.328 0.976 0.509 0.387 0.202 0.626 0.138 0.958 0.649 0.458 0.668 0.181 0.146 0.428 0.72 0.174 0.658 0.014 0.414 0.062 0.739 0.656 0.554 0.735 0.315 0.334 0.257 0.16 0.635 0.507 0.546 0.964 0.483 0.055 0.703 0.037 0.033 0.842 0.348 0.683 0.3 0.368 0.216 0.446 0.149 0.937 0.621 0.159 0.303 0.387 0.221 0.042 0.043 0.775 0.777 0.71 0.462 0.386 0.87
0.022 0.567 0.139 0.372 0.368 0.677 0.363 0.377 0.898 0.404 0.099 0.489 0.192 0.499 0.664 0.339 0.988 0.395 0.633 0.22 0 0.707 0.884 0.208 0.25 0.889 0.651 0.21 0.283 0.096 0.596 0.872 0.644 0 0.097 0.893 0.417 0.061 0.728 0.824 0.117 0.766 0.858 0.959 0.466 0.893 0.259 0.186 0.109 0.057 0.335 0.046 0.03 0.495 0.702 0.417 0.716 0.096 0.813 0.492 0.874 0.523 0.306 0.26 0.394 0.403 0.506 0.163 0.817 0.234 0.339 0.934 0.352 0.549 0.893 0.818 0.442 0.504 0.005 0.904 0.913 0.692 0.302 0.944 0.187 0.004 0.361 0.256 0.101 0.526 0.748 0.327 0.05 0.054 0.939 0.796 0.809 0.445 0.311 0.626
0.058 0.856 0.954 0.321 0.529 0.234 0.622 0.762 0.486 0.722 0.657 0.032 0.729 0.351 0.921 0.111 0.394 0.833 0.339 0.957 0.32 0.743 0.353 0.63 0.362 0.854 0.842 0.302 0.644 0.761 0.924 0.647 0.306 0.097 0 0.68 0.002 0.912 0.032 0.552 0.157 0.203 0.346 0.661 0.56 0.25 0.927 0.252 0.553 0.871 0.44 0.557 0.584 0.048 0.01 0.111 0.148 0.337 0.513 0.554 0.277 0.661 0.363 0.074 0.324 0.342 0.754 0.326 0.254 0.139 0.878 0.764 0.342 0.225 0.777 0.902 0.827 0.704 0.154 0.38 0.575 0.946 0.29 0.16 0.994 0.3 0.623 0.142 0.99 0.488 0.696 0.619 0.149 0.412 0.693 0.825 0.754 0.448 0.151 0.36
0.069 0.497 0.786 0.255 0.5 0.69 0.794 0.775 0.64 0.892 0.566 0.154 0.902 0.339 0.82 0.883 0.32 0.428 0.88 0.204 0 0.4 0.299 0.851 0.428 0.369 0.834 0.904 0.246 0.218 0.206 0.267 0.78 0.893 0.68 0 0.587 0.382 0.124 0.929 0.959 0.902 0.183 0.786 0.606 0.337 0.167 0.534 0.636 0.809 0.046 0.63 0.109 0.669 0.125 0.451 0.157 0.173 0.07 0.658 0.585 0.764 0.483 0.339 0.564 0.986 0.052 0.503 0.368 0.176 0.432 0.327 0.43 0.967 0.466 0.037 0.304 0.633 0.571 0.292 0.794 0.617 0.275 0.255 0.638 0.4 0.707 0.147 0.573 0.777 0.157 0.159 0.893 0.992 0.85 0.457 0.978 0.902 0.96 0.347
0.167 0.353 0.669 0.819 0.046 0.626 0.173 0.088 0.278 0.551 0.952 0.104 0.868 0.464 0.48 0.603 0.68 0.776 0.494 0.287 0.942 0.55 0.724 0.525 0.878 0.736 0.949 0.308 0.412 0.225 0.598 0.439 0.522 0.417 0.002 0.587 0 0.431 0.744 0.026 0.861 0.711 0.492 0.898 0.368 0.477 0.821 0.66 0.271 0.79 0.287 0.879 0.78 0.687 0.586 0.279 0.613 0.363 0.436 0.124 0.609 0.428 0.974 0.066 0.759 0.229 0.027 0.458 0.66 0.771 0.484 0.873 0.835 0.329 0.124 0.203 0.158 0.945 0.215 0.782 0.088 0.503 0.661 0.868 0.542 0.247 0.5 0.155 0.962 0.936 0.631 0.571 0.717 0.958 0.638 0.476 0.187 0.017 0.934 0.199
0.393 0.586 0.082 0.599 0.788 0.524 0.847 0.919 0.159 0.297 0.017 0.875 0.131 0.742 0.166 0.661 0.098 0.847 0.293 0.983 0.952 0.021 0.754 0.242 0.264 0.008 0.56 0.44 0.555 0.441 0.356 0.619 0.493 0.061 0.912 0.382 0.431 0 0.14 0.77 0.072 0.327 0.451 0.196 0.882 0.61 0.494 0.098 0.392 0.582 0.953 0.053 0.802 0.847 0.652 0.654 0.355 0.614 0.591 0.986 0.538 0.66 0.944 0.528 0.488 0.483 0.545 0.422 0.034 0.037 0.544 0.107 0.365 0.996 0.655 0.247 0.606 0.149 0.697 0.35 0.083 0.002 0.403 0.238 0.85 0.055 0.892 0.205 0.021 0.835 0.191 0.911 0.495 0.488 0.439 0.983 0.323 0.336 0.757 0.358
0.456 0.965 0.542 0.721 0.797 0.057 0.431 0.71 0.262 0.032 0.641 0.679 0.002 0.33 0.994 0.825 0.486 0.613 0.213 0.54 0.012 0.485 0.35 0.69 0.579 0.682 0.901 0.626 0.893 0.231 0.113 0.193 0.949 0.728 0.032 0.124 0.744 0.14 0 0.726 0.302 0.465 0.091 0.65 0.12 0.69 0.608 0.622 0.388 0.958 0.057 0.39 0.361 0.295 0.24 0.768 0.54 0.797 0.141 0.375 0.341 0.053 0.223 0.829 0.844 0.558 0.152 0.533 0.316 0.51 0.259 0.97 0.327 0.35 0.972 0.8 0.04 0.58 0.774 0.78 0.538 0.831 0.171 0.899 0.479 0.763 0.019 0.019 0.561 0.512 0.746 0.254 0.917 0.969 0.083 0.762 0.528 0.587 0.295 0.196
0.011 0.306 0.464 0.904 0.249 0.614 0.462 0.732 0.262 0.134 0.735 0.141 0.174 0.086 0.354 0.542 0.018 0.026 0.854 0.721 0.504 0.788 0.236 0.447 0.758 0.704 0.164 0.902 0.042 0.763 0.435 0.709 0.898 0.824 0.552 0.929 0.026 0.77 0.726 0 0.45 0.554 0.166 0.129 0.256 0.138 0.929 0.296 0.718 0.055 0.429 0.608 0.887 0.6 0.507 0.718 0.715 0.878 0.737 0.628 0.39 0.835 0.882 0.308 0.805 0.317 0.422 0.685 0.257 0.069 0.881 0.707 0.623 0.399 0.836 0.879 0.889 0.118 0.527 0.607 0.173 0.956 0.215 0.412 0.908 0.074 0.13 0.976 0.304 0.219 0.956 0.046 0.055 0.839 0.706 0.212 0.508 0.128 0.897 0.765
0.042 0.683 0.197 0.939 0.99 0.168 0.682 0.294 0.683 0.181 0.368 0.412 0.207 0.515 0.123 0.216 0.752 0.3 0.382 0.826 0.807 0.72 0.71 0.161 0.853 0.726 0.664 0.086 0.3 0.21 0.847 0.848 0.386 0.117 0.157 0.959 0.861 0.072 0.302 0.45 0 0.197 0.13 0.472 0.172 0.529 0.661 0.403 0.418 0.131 0.283 0.377 0.656 0.591 0.944 0.069 0.852 0.37 0.551 0.828 0.026 0.123 0.784 0.072 0.53 0.975 0.779 0.094 0.484 0.259 0.991 0.249 0.809 0.473 0.074 0.981 0.002 0.735 0.737 0.772 0.866 0.02 0.501 0.874 0.611 0.445 0.943 0.815 0.167 0.847 0.643 0.193 0.322 0.78 0.617 0.204 0.107 0.396 0.298 0.591
0.229 0.219 0.507 0.811 0.303 0.205 0.39 0.017 0.041 0.506 0.298 0.538 0.718 0.349 0.437 0.339 0.463 0.062 0.444 0.997 0.759 0.19 0.292 0.676 0.944 0.295 0.043 0.485 0.95 0.286 0.454 0.254 0.328 0.766 0.203 0.902 0.711 0.327 0.465 0.554 0.197 0 0.008 0.289 0.193 0.817 0.762 0.267 0.15 0.116 0.354 0.887 0.24 0.572 0.259 0.741 0.446 0.223 0.538 0.742 0.038 0.705 0.589 0.682 0.25 0.263 0.814 0.867 0.467 0.921 0.616 0.765 0.865 0.624 0.406 0.058 0.441 0.52 0.325 0.591 0.988 0.679 0.831 0.228 0.251 0.09 0.969 0.697 0.313 0.859 0.791 0.352 0.916 0.732 0.386 0.166 0.995 0.2 0.385 0.814
0.373 0.624 0.355 0.94 0.033 0.358 0.292 0.346 0.848 0.415 0.184 0.969 0.216 0.915 0.933 0.174 0.098 0.786 0.475 0.205 0.358 0.14 0.242 0.934 0.634 0.733 0.572 0.106 0.12 0.894 0.962 0.77 0.976 0.858 0.346 0.183 0.492 0.451 0.091 0.166 0.13 0.008 0 0.473 0.001 0.579 0.338 0.977 0.337 0.396 0.418 0.857 0.073 0.362 0.845 0.104 0.193 0.425 0.707 0.635 0.746 0.405 0.949 0.605 0.548 0.653 0.873 0.281 0.039 0.039 0.276 0.591 0.777 0.091 0.064 0.13 0.022 0.755 0.108 0.36 0.151 0.526 0.569 0.577 0.24 0.415 0.681 0.433 0.192 0.389 0.069 0.939 0.146 0.37 0.896 0.694 0.023 0.77 0.975 0.414
0.421 0.528 0.804 0.667 0.363 0.312 0.791 0.235 0.723 0.057 0.195 0.636 0.183 0.186 0.484 0.344 0.695 0.629 0.323 0.127 0.525 0.634 0.158 0.169 0.769 0.414 0.955 0.946 0.789 0.894 0.744 0.528 0.509 0.959 0.661 0.786 0.898 0.196 0.65 0.129 0.472 0.289 0.473 0 0.161 0.604 0.005 0.938 0.695 0.421 0.069 0.069 0.176 0.177 0.429 0.68 0.055 0.999 0.257 0.296 0.766 0.938 0.081 0.958 0.679 0.502 0.249 0.825 0.224 0.146 0.872 0.247 0.916 0.847 0.661 0.077 0.451 0.018 0.016 0.498 0.44 0.437 0.568 0.616 0.966 0.349 0.296 0.021 0.348 0.905 0.669 0.466 0.196 0.751 0.777 0.875 0.605 0.026 0.053 0.83
0.919 0.871 0.348 0.705 0.497 0.386 0.057 0.137 0.324 0.708 0.776 0.17 0.377 0.881 0.317 0.596 0.01 0.763 0.738 0.878 0.894 0.647 0.164 0.795 0.711 0.187 0.811 0.123 0.428 0.617 0.11 0.85 0.387 0.466 0.56 0.606 0.368 0.882 0.12 0.256 0.172 0.193 0.001 0.161 0 0.172 0.925 0.429 0.088 0.772 0.443 0.518 0.576 0.461 0.886 0.426 0.901 0.323 0.994 0.87 0.289 0.696 0.518 0.662 0.396 0.424 0.332 0.863 0.62 0.435 0.64 0.847 0.392 0.018 0.9 0.222 0.543 0.825 0.004 0.983 0.95 0.447 0.501 0.878 0.908 0.387 0.304 0.162 0.062 0.651 0.032 0.351 0.347 0.902 0.366 0.743 0.326 0.05 0.958 0.298
0.784 0.732 0.611 0.228 0.253 0.1 0.115 0.691 0.272 0.595 0.805 0.956 0.487 0.011 0.312 0.33 0.505 0.1 0.751 0.728 0.117 0.325 0.023 0.563 0.977 0.364 0.733 0.804 0.55 0.835 0.702 0.355 0.202 0.893 0.25 0.337 0.477 0.61 0.69 0.138 0.529 0.817 0.579 0.604 0.172 0 0.837 0.95 0.498 0.229 0.969 0.398 0.804 0.512 0.576 0.808 0.847 0.878 0.255 0.349 0.108 0.163 0.736 0.764 0.677 0.151 0.415 0.709 0.854 0.114 0.612 0.22 0.21 0.29 0.27 0.168 0.941 0.107 0.471 0.439 0.689 0.44 0.189 0.493 0.304 0.117 0.653 0.151 0.347 0.908 0.852 0.455 0.423 0.941 0.572 0.101 0.092 0.339 0.162 0.946
0.537 0.829 0.622 0.127 0.892 0.346 0.521 0.153 0.122 0.999 0.266 0.844 0.472 0.634 0.931 0.267 0.179 0.508 0.951 0.169 0.158 0.983 0.641 0.135 0.105 0.857 0.542 0.751 0.549 0.483 0.257 0.859 0.626 0.259 0.927 0.167 0.821 0.494 0.608 0.929 0.661 0.762 0.338 0.005 0.925 0.837 0 0.454 0.126 0.519 0.016 0.769 0.789 0.184 0.71 0.249 0.655 0.501 0.29 0.447 0.042 0.783 0.103 0.512 0.788 0.607 0.211 0.696 0.811 0.019 0.471 0.752 0.591 0.924 0.196 0.93 0.087 0.143 0.736 0.565 0.662 0.752 0.334 0.803 0.289 0.396 0.404 0.296 0.897 0.694 0.096 0.292 0.829 0.199 0.156 0.617 0.158 0.367 0.665 0.322
0.198 0.503 0.828 0.15 0.686 0.726 0.157 0.943 0.154 0.962 0.428 0.76 0.573 0.133 0.017 0.294 0.142 0.397 0.873 0.17 0.636 0.461 0.721 0.931 0.257 0.251 0.256 0.637 0.056 0.058 0.432 0.35 0.138 0.186 0.252 0.534 0.66 0.098 0.622 0.296 0.403 0.267 0.977 0.938 0.429 0.95 0.454 0 0.386 0.137 0.074 0.977 0.061 0.271 0.908 0.5 0.766 0.996 0.066 0.78 0.749 0.4 0.935 0.038 0.797 0.34 0.334 0.046 0.386 0.43 0.69 0.216 0.982 0.846 0.185 0.492 0.214 0.851 0.814 0.952 0.34 0.241 0.93 0.753 0.864 0.19 0.254 0.63 0.186 0.672 0.762 0.287 0.072 0.697 0.325 0.221 0.389 0.66 0.62 0.776
0.324 0.019 0.299 0.984 0.125 0.994 0.574 0.573 0.335 0.297 0.954 0.649 0.957 0.387 0.709 0.013 0.066 0.416 0.811 0.227 0.09 0.694 0.111 0.351 0.736 0.724 0.64 0.501 0.737 0.082 0.44 0.229 0.958 0.109 0.553 0.636 0.271 0.392 0.388 0.718 0.418 0.15 0.337 0.695 0.088 0.498 0.126 0.386 0 0.442 0.31 0.992 0.424 0.509 0.529 0.269 0.075 0.38 0.083 0.027 0.72 0.324 0.309 0.474 0.188 0.499 0.08 0.17 0.038 0.752 0.932 0.325 0.176 0.982 0.651 0.398 0.371 0.663 0.37 0.147 0.457 0.032 0.491 0.234 0.541 0.021 0.503 0.616 0.753 0.938 0.996 0.826 0.263 0.305 0.652 0.803 0.157 0.732 0.326 0.195
0.315 0.27 0.343 0.658 0.152 0.916 0.491 0.328 0.821 0.483 0.528 0.814 0.062 0.722 0.165 0.757 0.098 0.775 0.465 0.798 0.56 0.142 0.569 0.18 0.142 0.21 0.496 0.833 0.042 0.337 0.451 0.031 0.649 0.057 0.871 0.809 0.79 0.582 0.958 0.055 0.131 0.116 0.396 0.421 0.772 0.229 0.519 0.137 0.442 0 0.836 0.258 0.52 0.012 0.592 0.523 0.762 0.964 0.538 0.132 0.463 0.348 0.165 0.307 0.582 0.058 0.328 0.437 0.027 0.433 0.375 0.023 0.259 0.99 0.328 0.911 0.146 0.485 0.995 0.472 0.032 0.831 0.082 0.905 0.196 0.675 0.428 0.958 0.639 0.319 0.443 0.454 0.667 0.96 0.761 0.601 0.37 0.441 0.038 0.397
0.37 0.368 0.746 0.92 0.996 0.552 0.947 0.925 0.457 0.776 0.308 0.465 0.125 0.287 0.156 0.519 0.425 0.982 0.168 0.52 0.626 0.63 0.41 0.32 0.034 0.564 0.859 0.41 0.241 0.053 0.886 0.148 0.458 0.335 0.44 0.046 0.287 0.953 0.057 0.429 0.283 0.354 0.418 0.069 0.443 0.969 0.016 0.074 0.31 0.836 0 0.875 0.413 0.42 0.486 0.756 0.101 0.398 0.902 0.938 0.745 0.374 0.323 0.929 0.456 0.228 0.125 0.131 0.008 0.435 0.122 0.679 0.23 0.577 0.346 0.19 0.69 0.947 0.913 0.132 0.337 0.31 0.007 0.751 0.083 0.493 0.507 0.536 0.243 0.409 0.826 0.989 0.135 0.149 0.918 0.591 0.377 0.395 0.723 0.738
0.413 0.708 0.568 0.224 0.975 0.578 0.951 0.291 0.365 0.154 0.593 0.314 0.933 0.773 0.608 0.86 0.472 0.544 0.681 0.563 0.614 0.191 0.26 0.297 0.472 0.738 0.136 0.448 0.914 0.315 0.171 0.642 0.668 0.046 0.557 0.63 0.879 0.053 0.39 0.608 0.377 0.887 0.857 0.069 0.518 0.398 0.769 0.977 0.992 0.258 0.875 0 0.83 0.197 0.417 0.413 0.774 0.116 0.955 0.465 0.415 0.868 0.949 0.753 0.179 0.956 0.856 0.614 0.801 0.715 0.15 0.397 0.476 0.976 0.738 0.611 0.126 0.008 0.202 0.855 0.403 0.277 0.593 0.585 0.475 0.011 0.998 0.601 0.127 0.306 0.418 0.542 0.174 0.367 0.647 0.353 0.323 0.503 0.967 0.477
0.526 0.715 0.34 0.422 0.188 0.529 0.231 0.71 0.747 0.977 0.278 0.326 0.797 0.643 0.069 0.65 0.978 0.54 0.813 0.221 0.973 0.063 0.79 0.9 0.565 0.723 0.258 0.392 0.924 0.213 0.299 0.988 0.181 0.03 0.584 0.109 0.78 0.802 0.361 0.887 0.656 0.24 0.073 0.176 0.576 0.804 0.789 0.061 0.424 0.52 0.413 0.83 0 0.218 0.469 0.226 0.694 0.446 0.964 0.305 0.924 0.972 0.86 0.779 0.727 0.137 0.725 0.664 0.964 0.736 0.015 0.566 0.215 0.321 0.984 0.109 0.495 0.352 0.757 0.201 0.027 0.26 0.52 0.856 0.831 0.99 0.082 0.525 0.788 0.046 0.183 0.712 0.37 0.043 0.491 0.449 0.532 0.216 0.466 0.497
0.091 0.34 0.422 0.269 0.157 0.946 0.021 0.018 0.171 0.309 0.197 0.886 0.496 0.519 0.745 0.292 0.853 0.32 0.683 0.66 0.937 0.52 0.902 0.688 0.595 0.193 0.51 0.069 0.458 0.617 0.904 0.177 0.146 0.495 0.048 0.669 0.687 0.847 0.295 0.6 0.591 0.572 0.362 0.177 0.461 0.512 0.184 0.271 0.509 0.012 0.42 0.197 0.218 0 0.304 0.481 0.063 0.871 0.154 0.399 0.981 0.001 0.751 0.09 0.202 0.131 0.702 0.075 0.987 0.533 0.065 0.07 0.411 0.205 0.468 0.946 0.917 0.191 0.989 0.76 0.992 0.873 0.329 0.458 0.37 0.633 0.291 0.785 0.857 0.797 0.537 0.19 0.799 0.288 0.28 0.353 0.771 0.334 0.428 0.759
0.98 0.149 0.311 0.396 0.729 0.29 0.537 0.217 0.776 0.587 0.555 0.183 0.418 0.742 0.995 0.832 0.966 0.826 0.499 0.883 0.865 0.32 0.955 0.861 0.71 0.834 0.428 0 0.554 0.314 0.289 0.906 0.428 0.702 0.01 0.125 0.586 0.652 0.24 0.507 0.944 0.259 0.845 0.429 0.886 0.576 0.71 0.908 0.529 0.592 0.486 0.417 0.469 0.304 0 0.22 0.845 0.181 0.983 0.05 0.001 0.929 0.319 0.192 0.27 0.08 0.537 0.143 0.409 0.347 0.866 0.394 0.639 0.003 0.603 0.788 0.54 0.793 0.587 0.181 0.425 0.941 0.952 0.112 0.721 0.063 0.332 0.567 0.244 0.315 0.969 0.246 0.244 0.289 0.79 0.514 0.721 0.327 0.009 0.13
0.956 0.796 0.81 0.081 0.436 0.647 0.74 0.836 0.269 0.932 0.672 0.039 0.141 0.354 0.422 0.876 0.797 0.518 0.977 0.616 0.748 0.554 0.147 0.996 0.265 0.626 0.846 0.271 0.109 0.998 0.489 0.568 0.72 0.417 0.111 0.451 0.279 0.654 0.768 0.718 0.069 0.741 0.104 0.68 0.426 0.808 0.249 0.5 0.269 0.523 0.756 0.413 0.226 0.481 0.22 0 0.675 0.875 0.876 0.666 0.231 0.48 0.454 0.771 0.625 0.042 0.304 0.403 0.335 0.257 0.515 0.056 0.672 0.847 0.975 0.917 0.514 0.945 0.163 0.758 0.586 0.953 0.624 0.307 0.281 0.633 0.789 0.308 0.861 0.017 0.974 0.092 0.849 0.428 0.215 0.475 0.822 0.872 0.23 0.157
0.873 0.723 0.605 0.63 0.46 0.97 0.054 0.963 0.218 0.382 0.774 0.969 0.153 0.244 0.171 0.279 0.748 0.565 0.535 0.267 0.421 0.538 0.916 0.974 0.632 0.401 0.297 0.15 0.658 0.68 0.946 0.954 0.174 0.716 0.148 0.157 0.613 0.355 0.54 0.715 0.852 0.446 0.193 0.055 0.901 0.847 0.655 0.766 0.075 0.762 0.101 0.774 0.694 0.063 0.845 0.675 0 0.481 0.745 0.566 0.153 0.592 0.541 0.07 0.458 0.838 0.585 0.216 0.424 0.539 0.192 0.083 0.172 0.177 0.872 0.832 0.038 0.242 0.806 0.482 0.091 0.586 0.05 0.918 0.409 0.922 0.148 0.918 0.755 0.245 0.484 0.908 0.189 0.378 0.979 0.647 0.216 0.564 0.215 0.993
0.862 0.618 0.801 0.084 0.414 0.051 0.03 0.055 0.701 0.021 0.445 0.535 0.726 0.124 0.295 0.99 0.547 0.794 0.014 0.223 0.62 0.142 0.089 0.401 0.249 0.945 0.875 0.108 0.264 0.78 0.539 0.508 0.658 0.096 0.337 0.173 0.363 0.614 0.797 0.878 0.37 0.223 0.425 0.999 0.323 0.878 0.501 0.996 0.38 0.964 0.398 0.116 0.446 0.871 0.181 0.875 0.481 0 0.455 0.407 0.076 0.979 0.585 0.301 0.811 0.975 0.895 0.969 0.81 0.986 0.556 0.212 0.257 0.317 0.486 0.757 0.235 0.241 0.003 0.072 0.149 0.192 0.45 0.48 0.84 0.018 0.397 0.055 0.011 0.204 0.815 0.44 0.184 0.4 0.093 0.347 0.727 0.988 0.317 0.537
0.17 0.245 0.661 0.292 0.921 0.08 0.098 0.09 0.703 0.266 0 0.152 0.474 0.139 0.569 0.953 0.272 0.499 0.464 0.382 0.409 0.492 0.781 0.114 0.107 0.325 0.294 0.381 0.554 0.641 0.784 0.369 0.014 0.813 0.513 0.07 0.436 0.591 0.141 0.737 0.551 0.538 0.707 0.257 0.994 0.255 0.29 0.066 0.083 0.538 0.902 0.955 0.964 0.154 0.983 0.876 0.745 0.455 0 0.974 0.873 0.101 0.583 0.19 0.587 0.341 0.777 0.828 0.696 0.201 0.33 0.888 0.003 0.81 0.08 0.022 0.559 0.136 0.385 0.764 0.303 0.177 0.3 0.055 0.27 0.647 0.782 0.258 0.964 0.672 0.585 0.837 0.773 0.168 0.379 0.361 0.861 0.509 0.189 0.557
0.996 0.846 0.73 0.972 0.46 0.631 0.325 0.858 0.653 0.563 0.325 0.621 0.98 0.259 0.559 0.635 0.516 0.134 0.769 0.292 0.863 0.93 0.439 0.069 0.467 0.394 0.924 0.556 0.281 0.006 0.582 0.698 0.414 0.492 0.554 0.658 0.124 0.986 0.375 0.628 0.828 0.742 0.635 0.296 0.87 0.349 0.447 0.78 0.027 0.132 0.938 0.465 0.305 0.399 0.05 0.666 0.566 0.407 0.974 0 0.71 0.519 0.446 0.066 0.682 0.878 0.088 0.241 0.366 0.825 0.357 0.669 0.003 0.657 0.724 0.625 0.305 0.507 0.884 0.269 0.531 0.469 0.459 0.304 0.989 0.19 0.665 0.851 0.051 0.207 0.408 0.762 0.078 0.206 0.828 0.76 0.085 0.268 0.354 0.451
0.281 0.451 0.878 0.672 0.304 0.593 0.081 0.13 0.933 0.86 0.997 0.393 0.393 0.063 0.801 0.295 0.086 0.546 0.346 0.511 0.4 0.422 0.958 0.428 0.376 0.366 0.556 0.287 0.319 0.564 0.85 0.303 0.062 0.874 0.277 0.585 0.609 0.538 0.341 0.39 0.026 0.038 0.746 0.766 0.289 0.108 0.042 0.749 0.72 0.463 0.745 0.415 0.924 0.981 0.001 0.231 0.153 0.076 0.873 0.71 0 0.445 0.711 0.121 0.8 0.369 0.845 0.426 0.026 0.704 0.662 0.295 0.235 0.131 0.106 0.54 0.12 0.649 0.557 0.323 0.7 0.116 0.732 0.814 0.195 0.29 0.642 0.307 0.375 0.262 0.013 0.179 0.06 0.077 0.3 0.86 0.446 0.497 0.638 0.824
0.305 0.921 0.305 0.85 0.028 0.857 0.516 0.904 0.907 0.682 0.283 0.79 0.485 0.418 0.676 0.598 0.912 0.908 0.107 0.035 0.832 0.034 0.017 0.416 0.558 0.806 0.25 0.388 0.216 0.035 0.272 0.987 0.739 0.523 0.661 0.764 0.428 0.66 0.053 0.835 0.123 0.705 0.405 0.938 0.696 0.163 0.783 0.4 0.324 0.348 0.374 0.868 0.972 0.001 0.929 0.48 0.592 0.979 0.101 0.519 0.445 0 0.554 0.3 0.471 0.789 0.431 0.578 0.681 0.904 0.579 0.591 0.227 0.279 0.707 0.311 0.094 0.254 0.602 0.088 0.914 0.329 0.703 0.279 0.508 0.763 0.356 0.16 0.975 0.154 0.01 0.614 0.978 0.564 0.914 0.45 0.353 0.698 0.38 0.387
0.925 0.555 0.32 0.625 0.027 0.627 0.516 0.571 0.959 0.211 0.412 0.289 0.948 0.353 0.652 0.107 0.159 0.853 0.072 0.553 0.786 0.685 0.806 0.052 0.601 0.589 0.125 0.328 0.118 0.638 0.043 0.47 0.656 0.306 0.363 0.483 0.974 0.944 0.223 0.882 0.784 0.589 0.949 0.081 0.518 0.736 0.103 0.935 0.309 0.165 0.323 0.949 0.86 0.751 0.319 0.454 0.541 0.585 0.583 0.446 0.711 0.554 0 0.954 0.959 0.978 0.533 0.238 0.037 0.845 0.684 0.644 0.799 0.773 0.558 0.128 0.828 0.837 0.989 0.591 0.546 0.149 0.918 0.7 0.159 0.532 0.679 0.723 0.799 0.129 0.429 0.497 0.509 0.816 0.803 0.82 0.146 0.336 0.058 0.183
0.084 0.379 0.736 0.385 0.05 0.312 0.002 0.661 0.728 0.685 0.127 0.109 0.305 0.712 0.571 0.741 0.877 0.062 0.391 0.563 0.004 0.308 0.375 0.582 0.302 0.456 0.885 0.462 0.26 0.023 0.986 0.107 0.554 0.26 0.074 0.339 0.066 0.528 0.829 0.308 0.072 0.682 0.605 0.958 0.662 0.764 0.512 0.038 0.474 0.307 0.929 0.753 0.779 0.09 0.192 0.771 0.07 0.301 0.19 0.066 0.121 0.3 0.954 0 0.533 0.095 0.827 0.332 0.22 0.737 0.813 0.048 0.927 0.802 0.991 0.473 0.303 0.909 0.525 0.463 0.442 0.204 0.538 0.593 0.685 0.319 0.442 0.546 0.487 0.245 0.366 0.633 0.581 0.777 0.169 0.115 0.872 0.348 0.799 0.092
0.327 0.488 0.444 0.222 0.748 0.886 0.231 0.633 0.806 0.086 0.382 0.631 0.03 0.269 0.34 0.937 0.9 0.303 0.74 0.608 0.833 0.094 0.901 0.625 0.16 0.047 0.253 0.951 0.499 0.131 0.868 0.211 0.735 0.394 0.324 0.564 0.759 0.488 0.844 0.805 0.53 0.25 0.548 0.679 0.396 0.677 0.788 0.797 0.188 0.582 0.456 0.179 0.727 0.202 0.27 0.625 0.458 0.811 0.587 0.682 0.8 0.471 0.959 0.533 0 0.438 0.612 0.14 0.365 0.414 0.131 0.19 0.07 0.392 0.715 0.533 0.186 0.272 0.423 0.779 0.957 0.095 0.221 0.504 0.582 0.818 0.222 0.568 0.752 0.999 0.089 0.219 0.871 0.789 0.018 0.315 0.227 0.983 0.455 0.944
0.336 0.764 0.626 0.299 0.556 0.214 0.139 0.685 0.797 0.285 0.421 0.673 0.029 0.705 0.925 0.57 0.553 0.686 0.411 0.862 0.458 0.78 0.511 0.682 0.963 0.795 0.319 0.983 0.763 0.752 0.319 0.469 0.315 0.403 0.342 0.986 0.229 0.483 0.558 0.317 0.975 0.263 0.653 0.502 0.424 0.151 0.607 0.34 0.499 0.058 0.228 0.956 0.137 0.131 0.08 0.042 0.838 0.975 0.341 0.878 0.369 0.789 0.978 0.095 0.438 0 0.749 0.938 0.134 0.819 0.683 0.202 0.704 0.869 0.474 0.128 0.649 0.783 0.223 0.222 0.639 0.157 0.393 0.862 0.725 0.145 0.213 0.166 0.364 0.437 0.956 0.734 0.752 0.183 0.717 0.56 0.48 0.467 0.85 0.966
0.505 0.228 0.522 0.64 0.902 0.355 0.796 0.789 0.72 0.93 0.693 0.264 0.559 0.404 0.743 0.976 0.197 0.842 0.623 0.768 0.356 0.708 0.674 0.433 0.082 0.826 0.071 0.718 0.506 0.242 0.192 0.726 0.334 0.506 0.754 0.052 0.027 0.545 0.152 0.422 0.779 0.814 0.873 0.249 0.332 0.415 0.211 0.334 0.08 0.328 0.125 0.856 0.725 0.702 0.537 0.304 0.585 0.895 0.777 0.088 0.845 0.431 0.533 0.827 0.612 0.749 0 0.286 0.533 0.168 0.991 0.403 0.994 0.471 0.404 0.778 0.046 0.978 0.417 0.555 0.371 0.279 0.633 0.868 0.493 0.799 0.584 0.282 0.755 0.319 0.034 0.291 0.388 0.594 0.771 0.207 0.797 0.089 0.494 0.33
0.846 0.841 0.465 0.042 0.794 0.512 0.404 0.073 0.084 0.99 0.334 0.735 0.898 0.733 0.172 0.54 0.932 0.432 0.587 0.895 0.127 0.644 0.978 0.502 0.038 0.784 0.555 0.259 0.263 0.709 0.818 0.003 0.257 0.163 0.326 0.503 0.458 0.422 0.533 0.685 0.094 0.867 0.281 0.825 0.863 0.709 0.696 0.046 0.17 0.437 0.131 0.614 0.664 0.075 0.143 0.403 0.216 0.969 0.828 0.241 0.426 0.578 0.238 0.332 0.14 0.938 0.286 0 0.258 0.837 0.085 0.604 0.66 0.489 0.382 0.058 0.82 0.8 0.613 0.191 0.431 0.246 0.412 0.276 0.046 0.996 0.558 0.153 0.667 0.945 0.444 0.056 0.891 0.567 0.263 0.688 0.009 0.109 0.019 0.619
